# code/fno-FAST/yaml/calib.yaml
value0:
  camera:
    width: 1280
    height: 720
    camera_type: kb4
    fx: 1051.3170714099033
    fy: 1051.7952009807022
    cx: 636.1348547903337
    cy: 265.7059221322115
    k1: -0.13104704164707634
    k2: 0.07279844505754081
    k3: -0.21109298825047648
    k4: 0.18493426446978858

  T_imu_cam: 
    px: -0.03513822941032688
    py: 0.059419904220437116
    pz: -0.03250309601838518
    qx: -0.7014249642507441
    qy: 0.7127085610304539
    qz: 0.006829920405162406
    qw: 0.0016966870664725491

  T_imu_marker:
    px: 0.06832603321344912
    py: 0.05632920180580076
    pz: 0.07702087383821713
    qx: 0.15902710170228138
    qy: 0.5501575596783017
    qz: 0.21962158829616347
    qw: 0.7898122551640097

  T_mocap_world:
    px: -0.31464960047855469
    py: -1.5129661850976493
    pz: 0.6425083999649643
    qx: -0.008079501053988234
    qy: 0.6844494265401168
    qz: 0.7290149449993467
    qw: 0.0009561062824573487

  mocap_time_offset_ns: -9879790
  mocap_to_imu_offset_ns: -217102426153
  events_time_offset_ns: 5114000
  
  auto_align_enable: true
  auto_align_threshold_sec: 0.5
  imu_acc_unit: mps2
  imu_gyro_unit: rad
  imu_time_unit: us
  mocap_time_unit: us

  multi_root:
    - ../dataset/TUM-VIE/mocap-shake
    - ../dataset/TUM-VIE/mocap-1d
    - ../dataset/TUM-VIE/mocap-3d

  imu_path: imu_data.txt
  mocap_path: mocap_data.txt
